12109
12187
12188
25047
25048
25049
25050
25051
25052
25054
25055
25056
25057
25058
25059
25060
25061
25062
25063
25064
25065
25066
25067
25068
25069
25070
25071
25072
25073
25074
25075
25076
25078
25079
25080
25081
25082
25083
25084
25085
25086
25087
25089
25090
25091
25092
25093
25094
25095
25096
25097
25098
25099
25100
25101
25102
25103
25104
25105
25106
25107
25108
25110
25111
25112
25113
25114
25115
25116
25117
25118
25119
25120
25121
25122
25123
25124
37554
40035
40037
40038
40040
40041
40043
40044
40046
4354
45282
52176
73102
9412
9413
9414
9415
9416
9417
9418
9419
9420